706015
782207
9082607
33254017
345077
375425
2036946
5267463
8877669
29652356
31880873
42648525
48858
271366
304478
372046
374293
1550621
1571889
1888022
2157329
2727268
3799289
5145692
5224590
9246440
9249292
9251103
9314167
9344622
10064039
31710562
33154761
35430192
39175009
364394
795350
4344032
9296941
35997080
35997081
35997082
35997085
44000040
67238
143828
179179
304495
305951
387877
410898
555033
663139
665225
724561
731599
798428
852817
951831
1064251
1125270
1720327
1864472
2086160
2142920
2647400
2650344
3426925
3799095
3877384
4345411
5324212
8759076
8759078
8759087
9254911
9267454
9268836
9418044
9588797
9651553
9724232
9781573
9783959
10068935
10219079
11040331
11164068
11164072
11202884
11618745
23246918
27947793
27963975
29250853
29697541
30250116
30774306
31710567
31925396
32290553
36104468
37479312
45351544
47987339
47987543
51843041
53709495
53709496
53709497
48441
321457
383267
409759
2046024
2200996
4344643
4676151
9560394
9610329
9743456
23755046
23756959
29173433
30774307
35997083
37473339
37568946
42808223
44669308
49800607
53709499
305550
307647
414315
947085
1572041
3825662
4617837
5261301
9090304
10028445
11150618
17287198
28151580
30250117
31710574
32649532
35997071
39018949
40025786
50367770
53008384
56798471
68901888
73790971
73790978
1694486
4868294
11163749
42808210
49800606
50630594
77719
342518
2060208
2138491
9082618
9484675
16303401
22037104
22109180
22197488
29074615
30250125
30250126
31548285
31642164
32013673
33781914
35655220
37473316
37479306
37808057
38677672
41063062
41494880
45328244
45351421
47842632
48714718
49800601
51272936
73790970
73790987
68263
161527
271785
290336
307074
308866
310830
372048
670955
1552527
1816065
2086161
2086867
3995167
4077650
5054137
9248978
15257949
23070901
23415698
28619213
28767199
29250859
29664675
32198816
32649539
34255003
35307427
40162796
40612699
41877335
44669710
48714716
49006076
53916527
54765373
60916629
72617568
72982364
307227
344953
583906
601757
1550618
1552531
2538965
2700597
2703478
4935359
5267536
9076758
9825588
10413573
10424719
11183802
22960234
24813018
29939311
30250087
30250093
30250094
30250097
30250098
30250099
30250100
30250101
30250102
30250103
30250104
30250105
30250119
30250120
30250124
30250127
30250128
31710547
31956456
32380711
34316439
36975605
37479315
37808042
37808077
39784854
40162784
40801772
40801785
41494881
41494883
41494907
41745214
43164069
46027113
46027126
46027136
46027137
47986207
48330676
49006075
51271457
51271459
56777382
70633788
72298499
72298604
72493010
72617590
73790975
73790977
73790979
73790984
73790989
74076420
74337902
156373
270325
271351
318615
321463
321701
577339
2059620
2102984
2177328
2343330
2407300
3934102
5275919
9086402
9095761
9247574
9296887
9650570
10380530
23316589
23330501
23510264
31710573
32135030
32135038
32197912
32649538
34360122
35190546
37070546
37085257
40162787
40162795
40801790
41494899
42993409
42993410
42993414
42993415
45376083
46027132
46027134
46027138
48702137
49767340
51272942
51272949
51272966
53912468
56777402
57566290
58750402
58750421
60001510
60742992
61006333
73787098
73787110
176370
199862
280082
2059649
2059943
2069333
2116346
2803129
3799292
3934103
5198366
8998320
9081709
9314312
9583970
11202887
22834683
22974642
23146710
23414918
23667244
24733614
24813589
27737706
27910325
28108902
28839434
29185179
30016280
30016282
30249326
31642165
31999317
32649535
32942240
32942242
33585474
34091382
34123855
34840615
35845034
35845062
37026199
37396823
38484011
39159338
39236054
39784855
39844262
40448485
41494886
41494888
42174799
42993411
42993412
42993416
43328326
44079147
44465812
44854796
46251603
47124312
47601531
50005259
50627360
51271458
51826009
51984442
51984473
52256353
52580770
53004497
53540958
53756353
53756357
53847514
53847515
53847516
53847517
53847519
53884017
53884147
53892522
54307579
54482853
57468995
57926877
57994625
58750396
58750420
58750424
60793311
61006445
61612359
67451700
69881888
70064894
70684531
70811073
71483850
71483857
71656461
71672816
74337901
74337905
74337906
74337907
74337908
74337909
74337910
74337911
74337915
74337916
74337941
161534
287665
439224
716473
805896
1982556
2057082
3796007
8942190
9138651
9242035
9342591
9375752
9577635
9614757
9651277
10851953
11232485
11283667
22974808
23598176
28465294
28465297
28465298
30421391
30568487
31360870
31642159
32517834
33586715
35717523
35717524
35717525
35717526
35806647
36143379
36172638
36793122
37719680
38243353
38497446
38996481
39159333
39159341
39159352
39399853
40411353
41076144
41494872
42162892
42993413
43129649
44079140
44079146
45097099
46043107
46188394
46188400
46804981
46804982
46862584
47452942
47986205
48121179
51663683
51933048
53714981
53847518
54541016
54829392
54829446
54891899
54994020
58540883
58540884
58540885
58556807
58902730
59237166
60743235
69894269
70808873
71194891
72122167
72617572
72762347
72762391
74356653
74393491
74465734
75168652
75585095
75585103
75585117
73994
109279
143926
174937
333699
555001
579584
827311
1061788
1123418
1216628
1699221
1813278
1984397
2041814
2094129
2104060
2124864
2155125
2330004
2419486
3390487
3796011
5055130
5342479
9079465
9180909
9250015
9250099
9781650
9992534
10022147
10041155
11202885
11232492
11577937
23855811
25691116
28697673
29073249
29154875
29250861
29472282
31054013
31272758
31323709
31770760
32135024
32759630
32776289
32942243
33254014
33254015
33254016
33254018
34063373
35296904
36793126
36793130
37719679
38243351
38243352
39159344
39159353
40411349
41076156
43606582
44054837
44157535
45347192
46183241
47686182
47986198
47986206
47986208
48001655
51268173
52014022
53537065
53853594
54830521
55633370
58306150
59772856
60262155
67451704
70388791
70409885
70563636
70808874
71854097
72820910
74337913
75253836
161736
271352
348133
436145
1860943
1987943
2130718
4092819
4618689
4676370
4995536
5323831
8845675
9248141
9591927
9825593
10037126
10397603
11094386
19066639
23417744
23845353
24898076
25698840
27824872
28250664
28533955
30421406
30560811
30568444
31054019
32134995
34361235
37616270
37616329
38528470
39159339
40801788
41130544
41494877
41629134
43377194
43416228
44079142
44428013
44438922
44568696
45830692
46041976
46618176
46618177
46618182
47986188
47986194
47986202
47986211
47986229
48206374
48714660
53452259
53537066
54829322
55497593
57705670
58458520
59237167
61131363
70388788
74106741
74106753
74106765
74106777
228613
999713
1854326
1987926
4247165
4676165
4727110
5081132
5095899
5137963
8653753
8978025
10865794
11038033
11283686
23165164
23332018
23669923
25698847
28175172
28627249
29154874
30008311
30421394
30993020
32504384
33585836
34073407
35430194
38578597
38677671
39159348
46490760
46618178
46618179
46618180
46618181
46618211
46759882
47813870
47986197
47986201
48263276
49134050
50218745
51115205
52993622
52993623
52993624
52993736
53537068
54860261
55308216
55770698
56339108
58530041
59488279
59488282
59488297
65074565
70064898
70388783
70388784
70388785
70388787
70388798
70570454
165305
288726
306706
1860411
2067496
3498333
4618692
5055759
8974736
9132280
9159344
9191744
9198551
9260565
9458030
9782422
10173030
10384456
10609806
10717815
10865757
10927269
22974812
22985740
23331138
23417738
23591165
23676740
24359759
24509918
25056226
25348084
25348085
28872510
29182485
30002811
30421389
31762298
32649534
32649536
32649537
33500078
33585636
33663156
35936522
35997087
36104480
36168754
36304933
36304934
36304937
36483113
36986034
37396306
37754761
37900252
40502907
41121437
41121439
41121441
41121444
41121446
42452485
42933730
42933742
43129998
43136085
43136127
44064499
44422917
44497796
44567274
44919420
46041939
46804979
46804980
46862580
47124319
47242528
47550642
48330677
49968224
51115220
51272931
51272934
51272940
51272944
51272951
51272954
51272961
51272964
51843033
51843038
51962001
52461359
52807679
52993737
53329429
53329430
53756358
54350648
54469118
54864264
54891898
55697844
56339109
58068158
59488276
59488277
59488278
59488281
59488283
59488284
59488285
59488288
59488289
59488291
59488293
59488295
59488299
59684376
59875670
60812168
67373694
67664591
70388786
70388796
70388797
70783693
72762315
74231271
74231365
74535107
304465
1890644
2522522
4127573
5054132
5140403
5341563
8850333
9590785
9641005
9641971
17632502
17994258
22985742
23417710
24144399
24515357
24887343
28104627
30568415
31287686
31353095
31524877
31524878
32508502
33179047
33500305
33500417
33585831
35430221
35589538
36172510
36172511
36172518
36172519
36172520
36304935
36304936
36304938
37156664
37480678
37506412
39159351
39168874
39296223
39704488
41121448
42183927
43149752
43812750
44005400
44005403
44041061
44050884
44050889
44064498
44064516
46050097
46490761
47211394
47211412
47987530
47992224
47992231
48481977
48739203
50871543
51268176
51272968
51961925
52862302
52899883
52899889
52899903
53912476
54722940
56035356
56339112
56539740
57705665
58068141
58213305
58458519
59488280
60643188
62427586
70573862
73990395
74013863
74514605
137277
143638
332110
1020925
1864036
2035786
3229276
4193541
4195534
4513310
8598270
8618733
9069492
9071544
9553398
9615830
10038654
10507993
10906172
23332004
23759166
24789256
25684690
25834931
27901438
29042550
29899276
30016278
30117938
30433545
31058110
31272761
31272762
31761826
31770775
32198167
33585619
33585662
33585998
34063391
34725866
34752199
34838530
34880761
36793137
36917690
36935637
38453565
38804856
39168838
39369041
41121447
42183933
42335951
42549262
43251532
44005405
44064512
44064519
47211403
47242529
47987507
48487272
50433350
51272958
51272959
51449504
52831878
52862301
52899853
52899913
53816877
54270704
54339587
54722930
54891900
54895989
56517633
56539741
56539744
56539745
58879361
59657193
59684349
59684375
60970997
61574350
61811080
61894730
63818794
65439006
66790615
66964545
67281430
67281431
70388789
70388790
70423114
71351327
71351331
71351332
71351337
71351340
71351347
72185863
72762348
73990398
73990400
74940951
201993
266389
278655
289853
333034
374975
1776755
1863384
3422670
5054913
5267537
8554946
8670582
8710538
8943973
8967647
9097209
9125861
9248326
9271175
9272630
9784347
9993189
10111897
11041169
11063740
11063742
11286799
23237301
23329935
23334125
23414896
23850782
24592889
25204799
25399850
27908323
27908335
28196055
28739982
28902899
29059508
29059524
30016281
30249269
30744846
31947277
32517843
32665071
33585623
33585704
33585839
34220130
34364392
35276069
35724027
36321607
36325235
37085474
38787180
39200207
39200271
39200445
39200495
40923248
42279937
42853564
42933743
43106876
43547824
43731362
43921490
43969216
44005396
44050888
44064508
47150129
47452440
48481955
48481969
50237600
51038920
51399830
51710042
52773040
53085736
54906534
55575708
55695835
56539743
56539746
56539753
56608428
56608429
56608430
58170490
59078016
59684350
60033687
61472863
61804986
63736182
63736279
66104997
69659441
70388794
70388795
71351328
71351329
71351330
71351333
71351334
71351338
71351342
71351343
71467523
72249869
74612333
161528
163534
308501
997683
1074357
2198947
5074063
5197810
7934006
8559157
8674520
8941651
8969968
8970188
9158758
9274049
9392695
9407723
9459637
9560305
9753145
10347759
10644877
11063748
24819718
28151576
28196053
28533956
29074612
29074619
29134966
29989179
31320102
32135004
32135005
32135006
32135036
33722857
33722861
33722875
33722876
33722877
33722880
33722882
33722887
33722888
35655232
37479311
39739612
41830444
41912515
42183924
42183932
42993417
43106872
45230159
45510774
46370128
47241382
47551848
50450458
50794439
51139227
51272970
52250840
56539742
60199823
60823933
61137969
61688583
61688598
61688614
61972647
61973542
61973553
62682580
62876907
62876917
62876927
63088109
63863436
63863441
63863450
63863504
63863507
63875175
64098444
64411043
64685775
64685776
64875531
66090546
66218347
66556586
67440844
67457631
67517960
69659987
71019886
71351339
71351341
72128319
72580674
74319995
74337982
74337983
74514606
74612347
307075
368908
376285
745254
1052624
2984371
4344030
4344871
4674591
4869667
5069479
8710492
8711210
9255789
9274727
9686728
10628646
10935088
11063746
11232484
22888833
22889466
22979516
22980445
23073184
23160219
23240457
23412424
23597875
23681565
23755034
23764835
23764849
23764852
23764854
23764855
23843496
23856945
24067346
24210753
24360550
24813493
25684263
25684299
27849340
28024441
28040162
28248609
28485974
28518045
28518047
28518048
28549244
28614770
28669695
28911373
28911374
28911378
29074620
29074622
29160393
29160439
30513694
30568462
30868878
31524876
32371087
32616272
32656790
32656816
32656846
32656857
32763308
33316642
33585642
33585645
33585705
33585834
33585843
33782667
33782668
34123856
34193203
34242357
34242358
34334193
34582342
34694460
34917659
35776624
35932435
36172505
36234826
36234832
36235107
37305699
37710775
38215344
38243341
38283378
39200161
39200235
39200384
39307265
39739613
39739615
39739618
39745148
40038084
40440718
41470374
41925300
41925702
42085261
42320616
42458585
42541372
42616066
42838922
42903816
42933726
43033420
43416244
43666295
44428026
44565640
44835303
44835304
44835310
44920771
45132950
45144982
45618751
45742633
45779647
45779709
46248115
46609156
46785629
46804983
46846940
46989716
46989727
46989773
46989809
46989881
47021576
47021721
47022212
47107337
47199190
47514700
48005668
48138705
48518288
48758289
48758290
48956583
49258481
49911687
50728823
50755513
50810429
51085369
51139176
51139204
51272938
51660466
52198010
52198779
52429398
53537067
53537069
53682032
54022401
54633060
54785087
54970756
55341918
55394760
55426186
55497192
55710297
56209099
56232160
56265762
56657291
57862603
57996736
59861655
59861704
59910426
60408712
61640414
61779808
62077266
62210707
62689457
62897545
62956187
63016421
63159608
63863153
64251630
64385867
64923457
65039124
65118673
65198043
66218328
66256234
66396700
66614271
66980211
68048847
68131210
68227756
68269367
68289485
68394175
68656251
68769711
68791030
68800990
69044506
69068814
69073741
69079656
69079943
69180244
69270601
69659616
69940655
70073210
70388792
70406382
70684947
71294235
71294278
71294304
71294327
71351335
71351346
71679539
71824588
72393391
72393424
72393453
72967680
73565743
73677598
73886674
73990396
74021367
74146686
74203129
74208774
74378932
74598244
74612219
74612341
74961357
74961432
75087240
75087262
75087307
75087318
75087395
75087774
75087825
75087826
75087879
75087921
75087984
75088017
75088081
75088273
75088274
75088275
75088276
75088278
75088279
75088280
75088281
75088282
75088285
75123114
75302787
75514405
67189
102136
156190
468907
1037538
1882230
2094584
2124865
2157505
2199122
3058435
3120746
3191393
5165839
8652029
8674632
8710580
9098199
9099759
9129579
9247430
9249029
9250098
9271754
9274159
9395821
9432991
9435115
9610159
9697771
9784751
10007419
10913588
11063744
11063751
11079321
11171688
11232490
11232502
20012499
22037530
23062401
23144471
23314912
23758627
23915035
24355956
24423916
24645315
24659069
25051098
25135784
27896290
27946099
28403537
28403540
28533957
28533959
30038880
30577299
31272751
31272753
31272754
31272755
31272756
31272757
31272759
31272760
31360790
31986625
32616271
33408653
33585818
33585819
33585820
33585930
33585955
33585970
33722856
33722864
33722884
33722885
34242333
34242359
34242360
34242361
34560871
35229028
35307428
35978552
35997084
36172501
36172504
36172674
36234820
36472193
36472194
36962421
37386177
38215339
38215340
38215342
38243347
38243348
38243349
39037514
39369038
39739614
41411512
42357481
42933725
43149830
43811239
44331252
45453944
47664277
47986186
47986187
47986189
47986190
47986193
47986195
47986209
47986210
47987513
48758287
49267621
49873465
50425686
50425687
50425690
50425691
50861060
51170204
51272956
51598894
51598895
51598896
51598898
51598899
51598900
51598901
51843042
52036459
54891901
54891902
54891903
54891904
54891905
56209104
56648448
57996513
58757259
61917927
65518572
69556157
69940044
70388482
70409890
70409893
71842256
71842259
71842269
71842274
71842280
72762300
73207432
73429326
73527917
74337914
74612297
75088277
200485
410899
941607
1860409
2059616
3199533
3796014
4163186
4346008
8693082
8700009
8710881
8711149
8712613
8768550
9196346
9249028
9271172
9395688
9407188
9417688
9432992
9434849
9552305
9552368
9586617
9642481
9643266
9694577
9745569
9920605
10365270
11232495
25941455
28403539
28725051
30577244
30774308
32349299
34985068
35609341
35997076
36172508
36483112
37281659
37479304
38243344
38283410
39907613
40284942
40344871
42452491
42452492
42933728
42933731
43976388
45453850
46490762
48121180
48578225
48640075
48758288
48956537
49359326
51268175
51272947
51598892
51598902
53241174
53614654
58306149
61894728
67281414
67281417
67281418
67281420
67281421
67281422
67281423
67281424
67281425
67281426
67281428
71842247
72113132
72762301
72762316
73745780
73897307
74612226
74612276
74757749
363339
1623406
1854327
2061408
2100771
2147257
2219569
2572360
3089006
3120915
3120969
3123169
3132728
3132979
3191392
3475773
4841937
4895958
4963044
4967528
5071742
5090214
5223685
8565908
8585680
8588965
8642954
8711147
8711148
9159468
9291793
9314260
9348837
9395827
9427478
9431990
9432993
9487669
9489647
9498340
9652753
9693079
9697322
9697689
9698337
9718044
9743833
9746378
9771907
9828485
9828486
10176772
10364475
10461742
11199880
11232488
11269630
22976574
24140043
24506624
24889279
24979416
25125307
28151577
28156431
28403538
28463610
29074617
29074618
30070128
30070156
30774303
31272763
31320059
31351705
31351706
31676878
34308435
34423624
35229031
35608070
35609338
36172506
36172509
37169182
37281660
37348877
37479305
37479307
37479308
37479309
37479310
37479313
37479314
39163651
39163653
40714621
40714622
40714623
41176447
41343453
42452486
42808222
42933722
42933727
42933736
43683321
47679357
47987498
47987509
49359437
51791424
51791427
51791429
51791430
51791437
51791439
51791440
51791441
51791443
51791444
51791448
51791449
51791450
51791451
51791452
51791453
51791454
51843034
51843037
54185552
56167970
60916630
61131358
61908918
67092267
67281409
67281410
67281412
67281413
67281419
67281427
67281429
67281432
67281433
67281434
67281435
67281436
67281437
67281438
67281439
67281440
67281441
67281442
67281443
68901887
70067239
71594730
72310314
74278654
74612283
318552
961217
1842438
2221084
2224785
2546828
2838620
3050666
3583718
3700376
4024628
4200576
4200763
4200879
4200934
5123430
5294140
5341773
8565846
8585004
8587617
8644974
8682737
8707771
8779609
8968027
9008248
9124162
9159679
9246699
9247767
9355982
9471244
9487626
9495995
9558084
9588232
9606952
9642482
9653157
9676750
9687897
9695870
9742831
9756440
10248398
10369774
10370095
10478931
11037367
11037368
11037369
11037370
11057856
11171681
11171683
11171684
11171690
11188261
11217073
11267353
11267362
24002316
24428195
25124232
25279568
25391937
25978967
25994750
25994751
27947787
27947789
27947792
27947794
28175174
28421431
28463611
28476002
28957760
28957763
29074614
29074616
29125763
29656724
29656729
29656730
29656731
29656732
29656733
29656734
30088034
30561484
30952029
30952030
31375514
32435635
33768401
34024189
34024190
34024195
34024196
34024198
34024199
34204492
34204494
34204498
34204501
34204502
34204504
34985069
35229026
35229027
35229051
35430193
35608067
36172513
36172514
36172515
36172516
36172517
37711668
38465392
38665121
39037513
39907614
42183934
42452487
43956221
44021479
44253653
44465809
46288003
46759880
47242520
47242530
47708186
48915112
49083990
49083991
49083992
49083993
49083994
49083996
49083997
49083999
49084000
49084002
49084006
49084007
49084008
49084012
49084013
49084014
49084015
49084016
49084017
49084018
49084023
49084024
49359320
49359323
51791422
51843035
51843036
54270717
55710300
59160066
59639061
60710376
61215603
62471008
62554706
62554861
65085212
65410754
65860184
65860186
65860187
65860188
65860189
65860190
65860191
65860192
67257667
71842283
72235114
72310316
74103667
356444
1666229
1810269
2202273
3231384
3583744
4284581
4389170
4801817
4895921
4895928
4895934
4895940
4895943
4895965
5323463
5341668
5349107
5349625
5351681
5351682
5352302
8530621
8585509
8587174
8675136
9043241
9160929
9160980
9167509
9169007
9223560
9460208
9487649
9487975
9531108
9612550
9848337
9992253
9992413
10245927
11232483
11251880
22840102
23068173
23419981
23507490
23511188
23680647
23759181
23932762
23934546
24004987
24068784
24068831
24198530
24208019
24359289
24362681
24434962
24439641
24734477
24810959
24811190
24885143
24885246
24887171
24887188
24897148
24901510
24902705
24977924
25055154
25055979
25134760
25273980
25348086
25348682
25409249
25470166
25533031
27755904
27927184
27947788
28175175
28248613
28263231
28269699
28282255
28341979
28360988
28463603
28463605
28463609
28576838
28614768
28739543
28884600
28910041
28912317
29074611
29074621
29108179
29154873
29185185
29423370
29656727
29753502
29753504
29805791
29952639
30002807
30070153
30082397
30590590
30638700
30725878
31272752
31472893
31472897
31496290
31617309
31676854
32317788
32317816
32434796
32715858
33026914
33117367
33117372
33117378
33117380
33224927
33244987
33456356
33538151
33760654
33780154
34024191
34024192
34024193
34024197
34038759
34038809
34204493
34204496
34204497
34204500
34242383
34845500
34901274
35229023
35229024
35229047
35229048
35307452
35402103
35445353
35609353
36341218
37127455
37206656
37652111
38465386
38665119
38843638
39200312
39296177
39296178
39296179
39296182
39296220
39296222
39296224
39296225
39296226
39837395
39857792
40052383
40052425
40181353
40185985
40186169
40224045
40284540
40502303
40502327
40565573
41830425
42107589
42328825
42452488
42652339
43274572
43377186
44253632
44253637
44253642
44253647
44253659
44253664
44253669
44550455
45059215
45159330
45307644
45900198
46042257
46287980
46287999
46288000
46759886
47242523
47242532
47317885
47359454
47443792
47456067
47550643
47685679
47748475
47987500
47987501
47987505
47987506
47987508
47987510
47987512
47992233
48215838
48452297
48465958
48913737
48913739
48913742
48913745
48913747
48913750
49059248
49083989
49083995
49083998
49084001
49084004
49084010
49084019
49084022
49084027
49359434
49883254
50151269
50151270
50151273
50151274
50151275
50151276
50151277
50329831
50584656
50584669
50584691
50715787
50715788
51108109
51598891
51598893
51598903
51598904
51737520
51791420
51791442
51791446
51791447
52327045
52327046
52327236
52484159
52484167
52676076
53241179
53249709
53249711
53249728
53249730
53545156
53667897
53993340
54270698
54270701
54270712
54270713
54270716
54270720
54270721
54433704
54449546
54541017
54541019
54541020
54541045
54722945
54722946
54765362
54765363
55575113
55575204
55754664
55785458
55843339
55927868
56242765
56251311
56339113
56624686
56919779
57880782
58162191
58683982
58823911
59312976
59355129
59451923
59568585
59568696
59589919
60014571
60398283
61067181
61067182
61131360
61150909
61249539
61286240
61606855
61844584
64183716
64774627
64900330
65641633
65968068
65968069
65968070
65968071
65968118
65968132
65996847
65998353
66465073
66859244
67668581
68516613
68535976
68610880
68656284
69279114
69406601
69785794
69989128
70713711
70933052
71454196
71757159
71853635
71853670
72054941
72310315
72386380
73695753
73761963
74334320
74362604
75057912
75130168
197663
486288
1155848
1860423
2104563
2321996
3074258
3166413
3170870
3610226
3999253
3999917
3999961
4020120
4020186
4200878
4365469
4492448
4495753
4496189
4852359
5055658
5101835
5119482
5165905
5166685
5335157
8510751
8510753
8565881
8587667
8784874
8845291
8845982
8910046
8917184
9033911
9247575
9349706
9423590
9459209
9485389
9486596
9487601
9489266
9600777
9627982
9668771
9688333
9689675
9693547
9820865
9910047
9915102
10080938
10096267
10644479
11090519
11160374
11197785
11231819
11267364
15810124
23676575
24350516
24351284
24499662
24576780
24724606
24962215
25040447
25398922
25951334
25975084
26024525
26024526
26024527
26024528
26024529
26024530
27946100
27947790
27947791
28151579
28200751
28200753
28463599
28463604
28463608
28463612
28463614
28577774
28577776
29049742
29173429
29416821
29416823
29416825
29656726
29753511
30545853
30993028
31360789
31496293
32508497
32508500
33117365
33117369
33117374
33117385
34038760
34255008
34814918
35162404
35229025
35229029
35229032
35229049
35229054
35307429
35609339
36172507
36172512
36416015
36698056
36897377
38243350
38665120
38665122
39104193
40565577
41121442
42830293
42830295
42830297
43851718
45180419
45188990
45900203
46036381
46370131
47242522
47242531
47242533
47443798
47443801
47550641
48251793
48251794
49037833
49059153
49059230
49059231
49059242
49059246
49071652
49071654
49071683
49084003
49084009
49084011
49084025
49084026
49084029
49084030
49120489
49120493
49372757
50425689
50715789
50715791
50715792
50715793
50715794
52327190
52327211
52327220
52327224
52327238
52893345
53249710
53249727
53249731
53249762
53249767
53326803
54270700
54270711
54270715
54541015
54541018
54541043
54541047
54541049
54765360
54765361
54765365
54765366
54765367
54765368
54765370
54765374
56892014
57368326
58804063
59370486
60842426
61067180
61067185
65286392
65615563
67173301
67297530
67535646
68171463
68255302
68255328
70221206
71351336
72319125
73790983
75057910
75057916
75057918
307332
348142
458193
468409
1696891
2039743
2094618
2149563
2191604
2299320
2454680
2565465
2617897
2771660
2774716
2827253
2998482
3159612
3213202
4546983
5069691
5070516
5119480
5165853
5293132
5293760
5335185
5337718
5342516
5353958
8510768
8541938
8573355
8573364
8736448
8816215
8872473
8913881
8953549
8981097
9142029
9174345
9174346
9417725
9484103
9496727
9498047
9616389
9821029
9821030
9854655
9924013
9994144
9996869
10000594
10048351
10079705
10080178
10081486
10246503
10294335
24899508
25046656
25186519
25975085
26046544
28463598
28463601
28463602
28463607
28463615
28463616
28577778
28803398
29025554
29416824
29416826
30038890
30118163
30559519
30830637
32508498
32508504
33330701
35162402
35229030
35307431
35307432
36573519
36573522
36573524
36573531
37512404
38190867
39499300
40272479
40272489
42830294
42830296
43199496
43851766
43880036
44976651
44976925
44976936
44976953
44976955
44977114
47242521
47443796
47543000
47550640
47986200
49059152
49071653
49084005
49084020
49084021
49115673
50715790
51790748
51790751
52327183
52327193
52327199
52327201
52327203
52327205
52327209
52327213
52327217
53249712
53249723
53249760
53249761
53771261
54270714
54270718
54765369
54765372
54765375
54765377
55710318
56383386
58166624
59146017
61067183
61131369
61894734
61894743
61894755
63875151
63875155
63875159
63875255
67173299
67173302
70740339
73785223
73790972
73790973
73790974
73790976
73791016
73791017
73989052
75057911
75057913
75057915
75057923
75057924
75057925
148774
418732
1634489
2070634
2087249
2216430
2499950
2499951
2499952
2553877
2561022
2586686
2602418
2833910
2834454
3071569
3072836
3072837
3073960
3125516
3220101
3260691
3504448
3575761
3708901
3709771
4224246
4255359
4567552
4581955
4590121
4840794
5117114
5198345
5198395
5214322
5270279
5270292
5270301
5270485
5270510
5292857
5293473
5294547
5294602
5294914
5296606
5297227
5305132
5311724
5335186
8510776
8533456
8588051
8622690
8642414
8644206
8646128
8807453
8813499
8813725
8814263
8855318
8859681
8961976
8972009
9071602
9274426
9275168
9275542
9277269
9497113
9557215
9590043
9590419
9610573
9690310
9694694
9698845
9924522
9925586
9925713
9954383
9994549
10007421
10086049
10153071
10241704
10248613
10252341
10252397
10253337
10344942
10347546
10461024
10500524
10506992
11038034
11038038
11038039
11164070
25613411
26012727
28151578
28175171
28175173
28175176
28200750
28248607
28248611
28248612
28418724
28463600
28465293
28465295
28465299
28465300
28465301
28465302
28465303
28465304
28465305
28465306
28465309
28465420
28465424
28533958
29154877
29416822
29656723
29656728
29819546
29951097
29951099
29951100
29951102
29954088
30159153
30618921
31020446
31496294
32300926
32318149
32318150
32318151
32508508
32508510
32649533
33225235
33455547
35185948
35608121
36573518
36573525
36573526
39296180
39499298
39857777
40906102
41313857
41873507
43011611
44976689
44977143
46159046
46248011
47918899
47986196
49059243
49059247
49120477
49120488
49120492
51271454
51790749
52249637
52250841
52327179
52327186
52327195
52327197
52327207
52327222
53249706
53249707
53249708
53249721
53249722
53249724
53249725
53249729
53249766
53911265
54270699
54270719
54270723
54541013
54765376
55490290
61067186
61131366
67173298
68247917
68247918
68247919
68247920
68247921
68247922
70280646
71351344
71351345
72072610
75057914
75057919
75057920
75057921
75057922
75057926
75057927
356447
374973
810551
1570096
1572009
1726663
1981779
1982072
1989770
2010872
2189062
2189189
2234744
2238597
2240217
2481019
2483400
2551460
2556836
2565506
2596252
2604924
2610054
2614281
2660829
2742388
2828356
3091144
3095611
3257644
3259169
3269209
3280143
3505436
3505894
3507027
3651705
3651970
3659889
3795343
3795344
3795400
3795484
3795502
3795504
3795524
3795546
3795547
3795837
3795838
3795861
4496504
4544044
4581447
4584596
4585439
4642677
4696727
4852324
4901378
5071412
5223999
5250277
5289809
5292077
5294330
5294484
5303951
5342399
8533574
8587590
8587983
8588411
8595137
8642793
8646174
8646196
8725562
8777331
8777554
8782435
8813738
8970338
8997606
9154602
9274602
9275506
9275797
9277407
9280044
9350339
9407354
9430598
9458795
9478071
9555949
9798410
9825731
9840018
9924286
10164510
10215073
10227098
10227265
10259499
10259601
10260074
10266358
10348361
10367747
10462000
11090522
11090524
11229491
23770276
24134129
26012729
28166078
28248608
28248610
28463613
28465422
28465423
28754722
28872509
29114590
29146382
29146383
29656735
30830636
33433290
34024194
34316331
35667437
36573528
37802115
38834169
39018950
41286955
41758404
44976844
44976883
44976908
44977148
45510781
48792219
49084028
50327890
51951295
52250835
52250836
52250837
52250838
52250839
52327181
52327188
52327215
52327244
52931330
53057991
53249713
53249726
54541014
54765371
54765378
57605232
58517051
59025191
59025255
59146016
59657209
61230623
61629986
61894729
61894735
61894736
61894738
66842660
66842661
66842663
66842665
66842668
66842670
66842672
66842674
66842676
66842707
66842712
66842717
66842722
66842723
66842728
66842797
66842858
67313240
67313283
67313319
67313320
67313321
67313322
67313324
67313326
67313328
67313330
67313333
67313335
67313337
67313339
67313341
67313343
67313348
67313353
68434778
68811800
70743810
70743813
70743814
70836368
71109027
71740196
71740208
71842264
74079595
75123110
80900
348002
348316
951840
1570086
1816067
1888029
1959880
2045981
2194292
2234743
2483863
2500367
2534739
2574300
2578259
2580205
2594985
2595029
2596671
2597206
2599798
2605817
2652073
2662833
2669346
2703512
2767041
2770096
2770925
2776080
2827555
2829777
2835154
3055724
3197142
3251175
3275526
3453820
3577233
3600382
3606675
3645665
3665335
3666260
4047424
4083917
4103912
4109045
4153856
4568313
4581456
4591773
4618650
4738485
4747217
4825371
4843356
4962001
5019498
5066255
5228232
5265785
5293371
5293858
5295278
8588258
8591627
8713903
8839579
8840883
8848869
8867262
8909801
8915591
9033378
9070173
9070852
9097121
9129300
9131397
9131452
9131601
9134567
9163285
9167331
9167995
9261919
9275824
9277390
9620225
9690946
9695618
9826328
10000544
10000545
10081349
10086146
10087791
10087872
10257492
10259401
10259487
10259611
10259892
10260369
10260648
10349497
10349715
10350579
10350746
10351836
10354262
10356775
10458618
10477586
10478149
10563243
11038035
11038036
11038037
11063095
11151522
11163750
23336161
23336165
23336166
23336167
23336179
23336183
23422826
23511278
23844494
24004202
24215579
24438500
24518318
24593066
24652928
24652929
24663229
24732665
24889122
25055156
25055958
25125981
25207528
25208992
25273978
25282296
25409477
25455897
25693181
27875379
27941595
27967013
28106982
28166079
28166082
28195736
28308474
28337408
28366749
28403852
28463606
28754723
28943135
28943136
28943144
28943148
28943149
28943151
28943152
28943154
29096805
29096807
29096808
29096814
29096815
29096816
29154878
29173431
29241567
29472287
29951098
29951101
30294508
30545862
30916265
32820806
32996228
33036784
33036846
33138836
33952757
33952758
33952759
33952760
34061980
34061981
34061982
34061983
34061984
34061985
34308213
34707990
35279516
35279551
35516135
35608048
35667436
36573527
36573529
36573533
36939961
37386176
37711652
37711654
37711656
37711658
37711660
37711666
38297918
38952208
40272496
42933724
43835648
44835309
44976874
46159071
46248006
46248007
46248087
46548249
46605693
47672321
47987511
48320475
49084031
49267452
49267592
49364136
49364153
49364262
49991984
50861096
50861108
51825995
51926765
52327242
53397286
54270726
54364467
55265992
56072097
56072106
56072121
56072165
56484025
57539785
57862658
59061854
59722739
60489117
60916631
60960998
60960999
60961000
60961002
60961005
60961145
60961146
60961147
60961155
60961157
60961160
60961163
60961164
61131309
61378509
61894744
61894745
63145085
63740259
63888118
64900327
64900331
66413052
69262351
71619841
72590333
72850208
73029967
73029968
73029969
73029970
73029972
73029973
73029974
73029975
73029977
73029978
73029980
74514423
74985835
75057917
319117
736531
805870
1798376
2086866
2093766
2104593
2109382
2172771
2243415
2459811
2470843
2470844
2513838
2546827
2555259
2561979
2563596
2564876
2570756
2571983
2603356
2607062
2694094
2803082
2817958
2819332
2826044
2849267
2947742
2976277
2976293
3042055
3089508
3094079
3097355
3097383
3129160
3191523
3200434
3257684
3259168
3280012
3415935
3505789
3572743
3600384
3796008
3999149
4020183
4020330
4281993
4291658
4465933
4549677
4581771
4589696
4598992
4599684
4741965
4750603
4908859
4916731
5051363
5069946
5269806
5270512
5296756
5298437
5298801
5299425
5299621
8681234
8713528
8713975
8714398
8714507
8844758
8906716
8906717
8997605
9034634
9037911
9073457
9096077
9101118
9125482
9129765
9130865
9131366
9156856
9192539
9219851
9249340
9270426
9274611
9361493
9395687
9468828
9660476
9829258
9830090
9830343
9834923
9839684
9840361
9841302
9910046
10004522
10083412
10094096
10162433
10235329
10250891
10266357
10343051
10345505
10347448
10351914
10353197
10354333
10354767
10355610
10355619
10357808
10357911
10473427
11038590
11039323
11039326
11153530
24142495
24200654
24210770
24426884
24426978
24498354
24579275
24963825
25340887
25899375
25901709
25975074
27984950
28166081
28192682
28250662
28496413
28496422
28595019
28915384
28943137
28943138
28943139
28943141
29096806
29096809
29096810
29096811
29096812
29107650
29110542
29111823
29111824
29111825
29173430
29599654
29629204
29652357
29652358
29652359
29652360
29652361
29898296
30038881
31232644
33138833
33138834
33171775
33842617
33842626
33842628
34115798
34115801
34115802
34115803
34115808
34115812
34411903
35632301
36226627
36793120
36793121
37362332
37748025
37748032
40411350
40565578
41437316
41437319
42727013
42933723
42933741
43835646
44083814
45449524
46248008
48347905
48347912
48649943
51268177
51399875
51546249
53398253
54765359
54765364
54765379
56072099
56072100
56072154
59722672
60217723
60961001
60961148
60961150
60961152
60961156
60961159
60961165
61204875
67303901
68080504
70736372
72487103
72487107
72487108
72487113
72487114
72701321
73611428
73611429
73611432
73611433
73611434
73611435
73611436
73611437
73611438
221051
248548
805891
1037179
1037855
1038056
1041338
1694487
2114465
2128076
2474513
2494470
2499949
2513521
2536968
2539331
2544469
2563227
2577215
2827554
2839573
2909050
3054586
3057474
3129243
3130966
3192928
3218707
3279499
3476819
3585508
3613773
3631693
3691955
3796012
3825512
3996620
4020571
4203881
4581927
4584591
4598990
4783306
4793745
5039701
5230743
5231016
5286465
5296028
5299091
5342359
8533790
8592100
8621012
8645417
8659461
8713758
8844775
8913870
9078870
9157574
9390210
9410861
9627981
9660471
9660474
9660475
9660477
9826327
9833442
10081006
10085210
10088328
10089622
10215072
10227097
10343050
10348362
10351917
10366328
11024433
11024434
11063749
11063750
11163751
11246492
25036460
25036678
25039636
25040445
25975073
25975075
26025162
27875385
28337407
28337409
28849492
29049743
29096832
29107651
29114592
30686175
30830617
30830639
31166043
31506119
32504866
33347692
33738413
33738414
33826259
33842620
33842624
35228670
35430195
35430196
35430197
35667438
36573520
36573532
36939960
37006397
37146534
37146536
37748027
37748028
37748031
37748033
37748034
37748035
39183555
41124117
41437320
41897909
42452490
44977195
46011546
46248010
46248070
46248073
49883257
49883260
50105019
50105024
50105026
50105044
52064430
52327243
56072098
56072103
56072104
56072122
56072166
57692419
59025250
60960996
60961003
60961149
60961151
60961153
60961158
60961161
60961169
61314265
63274933
65406491
65620532
65620533
65620534
65620535
65620536
65620537
65620538
65620539
65620540
65620541
67314695
67314696
67314697
67314698
67314699
67314700
67314701
67314702
67314703
67314704
67314705
67314706
67314707
67314708
67314709
67314710
67314711
67314712
67314713
67314714
67314715
67314716
67314717
67314718
67314719
67314720
67314721
67314722
67314723
67314724
67314725
70191513
72487116
72487119
72487121
73611427
73611430
73611431
73611439
73611440
74334321
179147
273429
286836
287775
304550
319396
415433
480736
942829
1218027
1218079
1991014
2048820
2188957
2523680
2535487
2535488
2548005
2556558
2560924
2574189
2622289
2647592
2660498
2669347
3043233
3043261
3057473
3089475
3127233
3583100
3642997
3648711
3721276
3995561
4002950
4004579
4020739
4200944
4246963
4351829
4366918
4367917
4443108
4568315
4598576
4598684
4631930
4697363
4711140
4753491
4802781
4873704
4903074
4967654
4968117
4968226
4968383
4968564
4968576
4968663
4968835
4968954
4969086
5227982
5229915
5230742
8837760
8847916
8847997
8909802
8932075
8935704
8943369
9010600
9010622
9013153
9041445
9043876
9131547
9215608
9255982
9347984
9390826
9405575
9422995
9424818
9452889
9468827
9481212
9484034
9495996
9660470
9693839
9754496
9755666
9773062
9773063
9828764
9851265
9878206
10009785
10011071
10095600
10161457
10162677
10168652
10227264
10348511
10351936
10364629
10381575
10511204
11072817
11171682
11171685
11171686
11171687
11171691
11171692
11206646
11206648
11206650
11248088
16913246
23321183
25458728
27929801
28166077
28166260
28166262
28170734
28250661
28465296
28465307
28465308
28465310
28465311
28465312
28465313
28465314
28465315
28465316
28465317
28465318
30038882
30038883
30068733
30072802
30830614
30830618
31495231
31716730
33331881
33825078
34038585
34038586
34038587
34038588
34038589
34038590
34038591
34038592
34038593
34038594
34291017
35038212
35402061
36573513
36983461
37097510
37239099
37748026
37748036
37748037
37758313
38070430
38472141
40565574
41322786
46248083
46248091
46248092
46490767
47973555
47986199
49692541
51268184
51268186
51268198
51268200
51598890
56072102
57862657
58180760
58180802
58667897
59025184
59025208
59574815
60497971
60960997
60961004
60961154
61980358
65398251
342338
356666
412766
806438
809552
885335
1125457
1826078
2027615
2027854
2045040
2076368
2146299
2204486
2229100
2322629
2616792
2773253
2823951
2843179
2843607
3003512
3112716
3140882
3141560
3402379
3475300
3679987
3691826
3691868
3691869
3692013
4044467
4104325
4276907
4368471
4442788
4455901
4455902
4493676
4534717
4631932
4700231
4739460
4744941
4801195
4902326
4903078
4936898
4936968
4936977
4957707
5071413
5115997
5226087
5242433
5339944
8533789
8539802
8539815
8557625
8559143
8573405
8587825
8591365
8600872
8600971
8714585
8730933
8732490
8732492
8732763
8732764
8732765
8732791
8733281
8733282
8733283
8821070
8968709
9007162
9007164
9042745
9073305
9130237
9157325
9226797
9276440
9390176
9411748
9415344
9654205
9660472
9660473
9754260
9824403
9824404
9824825
9826255
9826256
9827188
9827189
9827300
9827301
9837560
9841000
9848913
9916529
10011300
10170996
10227096
10244624
10345506
11171680
11267358
11267359
23767863
25991564
25994752
28195758
28200752
28337406
28337410
28337411
29154871
29791999
29792000
29792001
29792002
29792003
29792006
29792016
29792017
29792018
29792019
29792020
29792021
29792022
30586158
30586171
30586184
30586197
30586200
30586217
30586219
30586242
31137537
32172668
33463915
33647173
33647180
33647192
35503235
36573521
36573530
41437314
41437315
41437317
46248116
49083987
49083988
50385840
54322896
55519161
56072101
57990686
58821656
61314264
61469310
61469311
61469312
67472105
67472106
67472107
67472108
67472109
67839823
68119748
69360566
73029976
48827
114038
122425
159679
175469
224721
234843
238195
285253
328975
369989
372044
416859
420525
420552
420553
420602
421100
421152
422078
441482
459203
459319
459555
470080
477028
492837
504341
506668
518249
832364
1101708
1125458
1815756
2069159
2125736
2202187
2322856
2349458
2450878
2558918
2585111
2724471
2825110
2831826
2834652
2847732
2849188
3044415
3089929
3097612
3151191
3193592
3194192
3195262
3198553
3476711
3477931
3478064
3478102
3478796
3480765
3663456
3667892
3689639
3691827
3691954
4049476
4103911
4279477
4291728
4291767
4291836
4443376
4443705
4443706
4443829
4445736
4456238
4465932
4549857
4592169
4631938
4631939
4739452
4739476
4742034
4771136
4898447
4902116
4902431
4935935
4967760
5050906
5115716
5292466
5293352
5293765
5294202
5351404
7451256
8533292
8573404
8585513
8649413
9042119
9044501
9131386
9132288
9132822
9133147
9256011
9267767
9335789
9336550
9390030
9417900
9421556
9589241
9591910
9608908
9615687
9652868
9754822
9826565
9827330
9827349
9828110
9828307
9829784
9829840
9858938
9859526
9860766
10003225
10007420
10160493
10164589
10164719
10165577
10165615
10165636
10166340
10166342
10166343
10167986
10168127
10215069
10227263
10508393
11160321
11160325
11269631
11269632
11269633
11269637
11269638
11269639
11269640
11269641
11269642
11269643
11269644
22841840
22868242
22892924
24002318
24002319
24004966
24004973
24004992
24068896
25055157
25342969
26002565
27988300
28578867
28937033
28937034
29049734
29350579
29656725
29753496
29753500
29753509
29819541
29905862
29957193
30342828
30727835
30756957
30883723
31165936
31165943
31165969
31203661
31688923
31750817
32232744
32522542
32522543
32730816
32730822
32730835
32731358
32731379
32735444
32880221
33581152
33581161
33581165
34255001
34466056
34546872
34546873
34546874
34546875
34546876
34814790
34814812
36111706
37132821
37139472
38217144
38546147
39336936
39595206
39686523
39707354
39985696
40499753
40499754
40565575
40565576
40565579
40671052
40671058
40671064
40671066
40671068
41264092
41276170
41460505
42473801
42473828
42726987
43064405
43096297
43528320
44465263
44465492
44480936
46248009
46248072
46248076
46248081
46248086
46248088
46955178
47346360
47987537
48333902
48853383
49392207
50794440
51166291
51166295
51166299
51166319
51268174
51268178
51268179
51268180
51268183
51268185
51268195
51268196
51268197
51268199
51685428
53249717
53249718
53249719
53845781
54185489
54185544
54185545
54185546
54185547
54185548
54185549
54185550
54258712
54270707
54846550
55618823
55618827
55895889
55895890
56981540
57033625
57862646
57862647
57862648
58680746
59187840
59200236
59312975
59678982
60195375
60961167
60961168
61067184
61314251
62034185
62630725
62960266
62960267
62960268
62991947
63306449
63407245
64917985
65020256
65180045
65926309
66471859
66546738
67451683
67451684
67451685
67451686
67451687
67451688
67451689
67451690
67451691
67451692
67451693
67451694
67451695
67451696
67451697
67451698
67451699
67451701
67451702
67451703
67451705
67451706
67451707
67451708
67451709
67451710
67451711
67451712
67451713
67451714
67451715
67451716
67451717
67451718
67451719
67451720
67455826
68364811
68364812
68364813
68364814
68364815
68364816
68646183
71842248
72456649
72948763
74337939
74337940
75329735
230810
280081
374100
412671
436163
465543
477027
556162
952216
1151868
1217984
1217985
1266967
1630561
1817294
1836971
2027616
2027855
2146300
2154673
2201361
2201362
2201590
2201591
2201755
2201756
2504224
2507928
2539339
2539342
2620844
2637904
2658988
2823091
2840023
2843680
2845777
2849382
2919883
2956178
2965803
3115752
3120639
3129783
3218580
3218581
3219003
3220712
3220875
3220876
3221061
3221287
3221506
3221604
3231770
3259191
3266858
3269233
3505025
3508224
3588933
3695112
3724768
3724894
3725074
3725907
3976395
3999248
3999722
3999922
4000007
4000496
4019209
4025087
4047592
4501561
5090712
5120475
5124310
5125624
5252800
5270253
5270397
5304604
8519954
8541147
8571395
8913147
8964942
9040258
9096333
9115400
9130438
9131350
9133540
9148768
9159519
9159791
9161575
9161576
9162102
9163275
9216212
9271121
9282512
9319972
9335776
9335780
9367084
9693841
9786281
10177984
10245366
10511206
10514025
11010355
11010356
11169132
11221399
22839824
22847844
23571451
24364423
28192683
28195735
28465421
29250858
29373043
29510442
29956364
29956365
29989180
30029085
30030875
30686176
30830613
31066098
31240033
33091404
33581166
34239686
34546877
34546878
34546879
34546880
34601098
35307426
35307433
35307453
36226631
36939962
36983411
36983412
38228500
39261201
39261203
39985695
40626112
40861043
41313856
41313858
45188989
45259228
45310925
45341718
45341719
45341720
45341721
46248071
46248074
46248075
46248077
46248082
46248085
47708508
48320474
48853387
48853389
48853392
48853394
49387852
51166461
51406425
52080241
52466622
53249720
54442902
55350672
55350673
55350692
56844125
57862654
57862655
57862656
59025183
59025236
59722681
61067179
61657541
61822096
62630679
63306463
63306474
65742483
67041609
70740373
73029965
73029966
283343
814103
977140
978958
1266968
1826076
2155120
2201994
2206284
2390067
2539893
2660164
2806028
2806035
2818672
2828933
2829338
2836229
2836360
2840024
2841127
2841778
3028787
3259192
3274146
3584023
3697387
3998854
4006292
4365741
4465934
4542334
4900289
5272715
5273092
5273093
5273094
8780002
8780090
8781388
8971900
9156636
9249942
9360033
9414434
10291624
10291625
10291720
10291721
10292053
10292054
10292189
10293267
10295410
10296278
10296281
10297296
10297377
10323774
10328840
10328843
10463844
11152435
22839822
22839823
25975072
27930828
29025555
29154872
29154876
29173432
30399633
30836591
30838942
30883730
31232627
31755590
31755591
31755592
31755593
31755594
31755598
31755599
34091890
35161368
35270918
35279518
36321601
36321603
36321605
36983556
37121470
40953892
41313855
42349982
43871711
44976713
45180421
45259227
48853386
48853388
48853393
48853395
48853396
50105012
50105022
50105029
50105031
50105033
50105035
51166293
51166301
54330208
58044106
58886825
63740530
63740535
64019306
64474273
64474274
64474275
64474276
64846450
67281415
67281416
69582791
287316
308477
308493
365319
441014
978959
1157765
1506133
1826077
2455163
2511127
2602951
2606895
2817776
2819522
2847197
3017943
3087360
3122442
3123487
3125679
3260721
3263940
3363759
3378755
3453436
3498466
3498467
3584430
3691738
4007973
4129036
4392286
4538582
4589229
4847209
4899664
4900323
4900434
4900477
4900696
4901363
4941922
5293640
8584310
8654169
8845842
8845843
8972997
9047270
9157602
9158374
9159023
9160167
9312137
9313428
9323886
9348239
9348821
9349199
9424490
9689859
9749285
9750312
9754178
9920043
10079718
10079729
10079851
10080817
10081289
10082019
10111799
10406850
11043599
11160320
26006325
27930827
27930829
27956867
27956869
27956871
27956875
27956877
27956879
27956881
27956883
27956885
28207432
28207445
28524404
28723060
28723062
28723064
28773830
28802311
29039291
29710026
29906255
29906256
29906257
29906258
29906259
29906269
30838943
32286737
35115843
35279547
35361666
37173061
37783955
42754337
44976769
44976797
44976912
45180420
46945550
47803928
48853384
48853385
48853397
51166297
51166426
51399821
51399822
51399831
51399832
51399833
51399834
51399872
51399873
51399874
55014286
60961144
64651925
64651934
74076436
110117
473806
920721
923765
949337
950256
950527
953365
974474
977426
1105978
1124486
1219632
1446456
1631207
1640131
1806173
1838228
1919721
1964594
2202080
2204101
2265043
2269234
2274064
2316986
2316987
2316988
2317070
2317179
2317620
2317737
2318125
2318360
2513786
2654113
2694095
2751783
2806038
2814970
2820604
2972871
3114248
3119214
3123941
3138127
3154863
3230433
3230625
3239766
3240704
3258130
3260472
3476767
3575085
3578282
3580446
3580948
3582319
3618650
3691953
3938237
3992574
4339654
4376100
4396203
4407351
4407394
4408821
4409167
4410229
4490837
4497573
4497749
4583812
4614705
4696662
4802797
4840425
4901076
4972781
5026997
5167216
5171259
8710573
8710977
8815473
8847407
8965001
8974300
9004871
9198665
9201893
9267750
9315109
9583685
9596427
9620030
9694953
9753918
9754205
9835904
9838237
9993814
10151604
10356987
10403526
10440238
11010357
11041161
11041165
11041173
22839821
25991566
28631947
30838944
31121253
32867159
33833433
38243346
39231285
40010039
44157537
44976772
48853390
50237602
67041610
44094
177246
235395
271262
273575
309996
328805
440215
440678
441013
442212
442448
443974
444812
456077
463642
471273
472880
482643
507098
917906
939504
953804
954853
1034771
1114407
1123887
1124252
1158152
1219487
1264160
1267231
1365101
1369232
1369406
1369508
1369844
2059623
2059648
2205373
2272404
2272405
2274063
2450508
2551934
2565972
2619898
2648643
2651424
2663938
2772707
2789884
2993148
3055117
3058865
3058866
3148530
3152606
3156088
3199459
3230092
3230729
3477207
3477224
3479827
3508483
3648181
3704918
3796015
3935619
4001960
4047212
4049962
4049963
4057996
4095761
4108038
4109854
4221853
4246956
4376501
4387387
4622287
4735895
4739456
4900291
4912422
5051358
5053313
5296476
5328018
8942335
9059230
9069570
9070572
9464668
9466792
9467665
9754631
9992711
10079250
10338847
10349881
10351904
10459236
10459670
10460190
11185476
11185477
11185478
11185479
11185480
11185481
11185482
11185483
11185484
11185485
11185486
11185487
11185488
11185489
11185490
11185491
11224245
28166277
28166278
28166279
28872514
28872515
28872516
28872517
28872518
28872519
30421669
30883740
31710548
31710549
31710550
31710551
31710552
31710553
31710554
31710555
31710556
31710566
31710575
31710576
32123597
32699481
33582975
33693555
34207568
35162401
36226633
36226635
36226637
36815005
38250375
38520332
39261209
39584091
41188416
42218528
42218534
42280511
42648502
42648504
42648512
42775870
42775927
44927076
44976782
46206201
47770295
48569677
48569678
51166289
51783717
51873205
56072168
56976419
58068142
58068159
58068178
58682532
61997756
61997757
61997758
61997760
61997761
61997762
61997763
61997764
61997765
61997766
61997767
61997768
61997769
61997770
61997771
61997772
61997773
61997774
61997775
61997776
61997777
61997778
61997779
61997780
61997781
61997782
61997783
62383028
62861832
63465353
63465356
63875091
63992697
65760500
68025154
68400300
69073758
69445231
70604136
73440040
73440041
75037918
75175021
42449
149806
187703
229361
298548
315047
343203
370276
374811
418287
436164
442094
442095
443178
466982
472221
472879
486444
491001
491500
493597
510295
521282
529949
562798
566098
566128
566781
678958
947037
953805
966163
1039104
1051955
1123886
1136826
1382708
1414257
1795058
2199120
2204485
2228036
2310801
2311348
2572090
2650193
2662832
2825409
2957225
2967478
2983556
3117279
3252668
3815093
4047323
4186833
4238316
4739458
4739464
5049147
8819178
8910126
9425290
9437711
9459252
9939216
11111352
28166261
28166263
28192684
29129245
30969021
34063376
34217337
34991475
35258458
39261198
39261206
39261211
44344878
44444451
44444453
44444455
44444457
44444458
44444460
44976753
44976787
44976821
47481704
47481710
48233906
48320476
56072120
59025174
59025176
59025178
59025180
59025210
59025217
59025221
59025225
59025247
59025258
59025280
59025282
59025290
69073721
69073746
69073769
419222
419256
440677
566338
1263886
2191674
2198395
2202487
2271293
2560394
2564662
2567763
2569602
2819461
2829035
2993122
3040075
3076200
3114849
3117066
3256192
3815116
4216373
4391980
4691615
4691644
4691646
4691647
4691652
4710041
4710204
4710302
4710305
4710629
4740912
4740914
4935997
4972229
5069847
5070083
5070341
5070347
5070375
5070377
5070402
5070405
5070705
5070750
5070751
5070766
5071021
5071065
5071157
5071457
5071458
5071490
5071784
5071852
5071879
5071948
5072320
5072361
5164522
8548071
9335767
9827876
11132461
30838941
31617308
34217377
41098417
47987405
48206375
58068121
59025187
59025189
59025194
59025196
67788117
174075
196981
200473
247966
306634
374583
375015
460561
611230
1124154
1124645
1273737
1273776
1273856
1276362
2124724
2198392
2198393
2206114
2224376
2236532
2358553
2534937
2553614
2766164
2781221
2782860
2819494
2955154
3090820
3129174
3223969
3250068
3256912
3677061
3677526
3677696
3678720
3678879
3679178
3679235
3679807
3699850
3814376
3996621
4099656
4100881
4394744
4495601
4898832
5028908
5227950
5228781
5228805
5229744
5231538
5960705
8836954
8840086
9072448
9334091
9619388
9654105
9705815
9706562
9750870
9765733
9823824
9825200
9826550
9827466
9829390
9834966
9848082
9848083
9848084
9848085
11036489
11036493
11036518
11036520
27985634
28154222
28170730
28170731
28170732
28170733
28170735
28170736
28170737
28170738
28170739
28170740
28170741
28170742
28170743
28170744
28170745
28183436
28957702
28957740
28957741
28957742
28957743
28957744
28957745
28957746
28957747
28957748
28957759
28957761
29104639
29190854
29905858
35162403
35361667
35466274
39261199
45188991
72727676
73249
76585
78454
114155
146732
147093
148066
200479
244864
284854
319440
333553
359493
427704
437267
440206
441750
464032
469297
470999
475121
477447
479748
481992
529022
751359
951984
952176
1122894
1123853
1124183
1215581
1219439
1263982
1271520
1271569
1344959
2066587
2066589
2066590
2089128
2238613
2604078
3130828
3131452
3131580
3133527
3205102
3205103
3253876
3487018
3488590
3591419
3607332
3703944
4016680
4043908
4288812
4288990
4289293
4392677
4396030
4410241
4839778
4905884
4962687
5149363
5164524
5188281
5273133
5704566
5704567
7434033
7450627
7732161
7993197
8781478
9826674
9910048
10033789
10167260
33833445
50001899
58821655
442
48444
48829
73911
75039
82080
82201
88381
108792
113687
113713
127994
136579
138217
138822
139207
145750
146809
148771
167841
182576
184981
186336
187332
258215
267131
269579
276351
282216
282891
285316
287310
291708
302177
305424
323264
325302
328218
328219
331204
336659
336714
342571
343986
346288
347844
356665
357561
359885
365826
366720
370461
371354
372049
374124
383751
386519
392620
392895
394280
398133
399599
400848
401859
416367
418293
418914
419102
420004
420088
420324
421981
423549
423913
432474
433629
437256
437257
437258
439842
439924
440200
440201
440217
440219
440631
440679
440958
441016
441472
442441
442467
442469
442470
443495
443496
444717
446695
448205
456542
458031
459570
461126
464413
465571
466910
469465
469598
469785
472165
472178
477701
478896
481557
481566
483708
483923
484255
485878
487395
491522
492359
493567
493585
496247
497121
497771
498697
501722
502113
514385
514454
514491
515370
518329
522069
535371
545483
563473
595969
740595
762777
790017
813932
814088
857332
859750
859834
861183
951946
972746
977010
1026084
1037963
1058066
1059345
1065105
1085553
1099922
1105684
1114164
1123191
1123658
1124215
1125797
1133843
1150010
1213870
1218292
1219406
1219407
1219423
1219438
1219456
1219468
1219503
1268614
1336438
1366694
1371188
1371359
1371445
1371449
1589888
1666312
1673577
1718917
1758405
1774382
1836476
1837042
1842437
2027614
2027853
2040691
2043810
2105993
2138144
2206182
2206186
2206339
2207130
2207233
2500504
2548838
2552470
2580388
2588365
2623422
2739603
2823824
2828883
2833667
2833827
2841347
2907174
2945134
2967764
2967896
3073666
3093611
3119720
3191410
3260193
3475244
3475945
3476229
3476617
3476765
3476766
3477328
3478060
3478917
3480171
3480345
3480518
3481828
3511946
3665503
3666435
3666755
3717206
3720209
4046907
4126187
4131071
4153432
4202337
4218665
4220856
4224245
4224247
4235350
4328464
4328517
4328734
4390335
4406596
4409387
4409643
4456236
4456237
4843591
4906538
4907664
5707792
6218897
6218898
6799264
7446374
7918150
7918151
7987115
8259985
8791605
9381493
10164591
10164721
10165579
10166345
10167141
10458719
10458865
10459014
10505455
10505523
10550092
10927282
11158516
11164071
11238491
11238501
11238503
11238504
11238505
11238506
11238507
11238508
11238509
11238510
11238511
11238512
11238526
11238527
11238528
11238529
11238530
11238531
11238532
11238533
11238534
11238535
23330722
23682410
29629205
29866731
31066137
31066141
31066142
31066143
31066144
31066145
31066146
31066157
31066158
31066159
31066160
31137536
31164957
31164961
31164967
31324989
32232745
32232746
32232747
33405146
33882198
34207569
34207570
34207571
34207572
34217395
36464587
40014768
42218519
42218522
44637383
46174237
46174307
49968218
49968238
50276618
52950099
55610198
59496788
59496789
61686872
67451682
70736371
20065
20344
102121
102122
158920
158922
197490
243834
266387
266743
335287
344531
356445
356496
419776
441473
441493
487457
551876
558532
637596
641297
686584
770531
770557
814085
814086
814090
814091
878260
953812
1096896
2027700
2040692
2048821
2066591
2194189
2522369
2522370
2660496
2841348
2959614
2967765
2988439
2995174
3000698
3252384
3254647
3260895
3405110
3720208
4096270
4096278
4202338
4408155
5707790
5707791
5707793
7918210
7975984
7987116
8259987
8259988
8264265
8264364
8710991
8961706
11014360
11054114
29866718
31066138
31066139
31066140
31066148
31066149
31066150
31066151
31066153
31066155
31066156
31066161
31066162
31066163
36618265
37707059
52651552
59027201
61669652
61669653
66163456
20046
20063
20064
21648
21650
266744
439541
566735
814092
1172288
1552523
2105247
2817799
3795983
4905883
5229841
5707788
5707794
5707795
6799263
6800082
6800086
8260028
8265484
11014359
11070145
11070152
25956256
30952033
46907544
46907545
46907546
46907547
74641179
415177
415181
2087633
2269235
2301874
2806036
2958133
3049448
3796002
5070229
5129365
9314261
25956255
35307430
44976913
920600
1065410
1826075
1934085
2237025
2451761
3730090
3938236
4315326
4391542
4391553
5477116
6799268
31495223
31495227
46945561
20367
305551
349806
419436
440205
458071
497215
510857
557038
558328
566046
593326
686593
831965
2059738
2198391
3254441
6726341
6800081
8945112
9315294
9316499
9316500
10079121
10080193
28978301
41040211
51707452
53892523
64774634
20120
20233
252821
377186
406330
441481
441492
557331
558849
562658
565813
565830
566272
566920
637819
686553
686575
692798
2450509
5547818
6799261
6799266
6799267
7297902
7433409
7990929
8893176
8893180
8893194
9315295
19529
19871
20055
20103
20496
21262
21649
55141
130971
130973
130974
570833
595968
683318
810552
810576
833266
833267
1857066
2157195
5494314
6799223
6801564
7061808
7191173
7279401
7445246
7445248
7976452
8097109
8135972
8146639
8864284
8893156
21283
810553
2061605
6325127
6956029
7445247
8259986
8748146
423515
494928
503473
504529
510296
814096
2829036
5021214
7061797
7063361
7362543
565689
1826071
3041310
5707801
6950963
6950982
6956018
6956022
7061809
7441975
7441976
11054113
61112
61161
61163
61164
358994
444811
487396
560394
564108
564217
564367
565303
637703
690515
779586
820305
1860941
3875804
3934095
5409621
5410820
5414763
6800079
6800084
6800090
7061796
7061798
7154280
7454623
7976525
7993677
8264375
8267259
20364
20386
21665
61167
61174
372347
372539
498695
562645
686591
686596
703541
810554
814087
820304
820306
3259583
6681865
6799262
6800087
7077324
7446455
77165
5856824
6683407
7447364
7447365
7447366
7992913
8255830
16193
16225
442775
556142
565665
728380
5707789
5707802
5707803
5708519
7445296
7988836
8136447
8259971
8676048
271784
294294
313453
344529
442773
470447
479422
488630
490089
555385
562777
565610
566164
805859
5325341
5325345
5325373
5325376
5325377
5325382
6681852
6799269
6799271
6800089
6956027
7278551
7278896
7364198
7445244
7447195
7447358
7450056
7916198
7918149
7976802
7977607
7988515
7989595
7993658
8124365
8128162
8249528
8255286
8255288
8255657
8259984
8449825
20193
114093
263259
267130
271348
306705
329672
348314
349805
419437
443186
444715
449229
449727
469515
473805
510858
555817
556035
556241
556349
557181
558691
558717
558779
558809
558835
559155
559219
560290
561000
562910
562993
563192
563471
564059
564073
564106
564110
564111
564194
564195
564198
564224
564225
564245
564322
564369
564452
565584
565704
566152
566978
566998
567071
567314
567364
567998
570261
614184
689932
690472
690928
813000
814089
831964
5459964
5535356
5689426
5722890
6330384
6681862
6681863
6799272
6799273
6799274
6800085
7154307
7246490
7248984
7248985
7433654
7434103
7441492
7447403
7447404
7447492
7541972
7543011
7544806
7791145
7925406
7987523
7988911
7993014
7993015
7993165
7993706
7993755
7993756
7993772
7993773
7994075
7994085
7994271
7994357
7994581
8004681
8032324
8120144
8251598
8254992
8255302
8255327
8255655
8255747
8255835
8260027
8264196
8272980
21821
21831
68811
68812
102117
190067
190068
190583
191810
304511
412764
431077
443912
453028
453029
453030
524937
551875
551878
551888
551890
551895
552059
552062
558410
558850
560291
565695
570821
618789
690049
814083
814094
814099
820303
5727539
6800080
6800083
6959154
6959874
7047653
7069510
7445034
7450057
7541367
7544932
7545366
7559373
7742864
7819731
7924982
7979884
7980006
7988792
7988910
7988915
7989780
7991016
7991164
7991455
7992484
7994076
7994080
7994081
8063394
8067977
8133909
8155620
8155636
8160469
8164145
8166517
8254991
8255312
8262576
8265353
8270752
8271914
8274911
21912
304461
441855
445786
445787
618616
618801
805877
810577
7441977
7445242
7445243
7445331
7748940
8184087
8255332
8255661
618617
728378
728379
6799265
2903694
6740796
56648347
56648418
56648419
56648420
56648343
56648344
56648346
56648348
56648421
56648422
56648423
56648424
56648425
56648345
69406554
69406582
69406583
31066147
31066152
31066154
